--- NLP Pipeline Output (Sample Results) ---
================================================================================
Text: Beginners BBQ Class Taking Place in Missoula!
Do you want to get better at making delicious BBQ? You...
Label: 1
Prediction: 1.0
Probability: [0.016101858728995312,0.9838981412710047]
Features: (1000,[7,49,61,63,73,126,156,190,191,210,229,249,264,271,298,323,334,348,359,360,390,399,408,413,416,426,438,440,466,480,490,499,522,537,543,557,600,673,703,712,717,726,779,781,788,829,832,834,860,871,881,893,924,941,952,953,968,976],[0.30767556499599036,0.0938092593030409,0.15056910182076721,0.10226274545137799,0.07282326164752116,0.10186267325609885,0.10516026083816116,0.0781211586164751,0.10389708578999197,0.12824691667593902,0.08992460112832458,0.08869629461018202,0.44039010690604313,0.12824691667593902,0.10516026083816116,0.09086681528033594,0.08113516642286223,0.06765682116120916,0.11202612081401442,0.07621166453827628,0.15971270686598357,0.11888696143197312,0.2183228228649629,0.09552504263435278,0.09991064858594452,0.11395574792113375,0.12365216322556827,0.0609020805554027,0.11202612081401442,0.09055069334197863,0.2126968348763756,0.09483138429491575,0.14075754212343003,0.06352750726915608,0.14830036548249995,0.09658461106333699,0.11945748197047666,0.09448826239905919,0.09694303965017935,0.05177314851127167,0.1060211484089593,0.09622882773001964,0.06884721307035473,0.07935417782076001,0.11352494898228942,0.14257694381350472,0.10689768933580204,0.10068199980739437,0.11009752672651078,0.13337360009468044,0.10226274545137799,0.09587565089141002,0.09313968711092219,0.11507187601888494,0.1064574267064696,0.07260561602793604,0.20058956295554112,0.09840401275341167])
================================================================================
Text: Discussion in 'Mac OS X Lion (10.7)' started by axboi87, Jan 20, 2012.
I've got a 500gb internal dri...
Label: 0
Prediction: 0.0
Probability: [0.9201753938951003,0.07982460610489972]
Features: (1000,[0,1,10,12,14,15,23,38,53,92,100,108,116,133,137,148,155,168,182,188,192,196,206,207,211,216,220,227,248,255,267,281,286,289,295,303,305,315,317,319,325,330,348,349,353,383,394,403,406,431,439,447,451,454,490,493,501,525,527,531,537,549,558,569,588,619,623,625,627,635,643,651,652,667,668,672,683,685,692,695,707,748,775,780,810,815,834,845,850,855,893,898,900,909,918,921,922,944,953,958,960,963,971,984,988,990,991,994],[0.03783820251780889,0.05042983473469372,0.0362098627947153,0.04518716980365328,0.19443326244253945,0.03386721420754609,0.040120925091724734,0.03998786075095819,0.04236419767947613,0.0355464520170583,0.08562166575027068,0.05874705765997939,0.06614453060471014,0.041831109565793896,0.05287654407705665,0.16542083641749822,0.04841471493403005,0.03249391719516349,0.14757351984539185,0.02344428648268431,0.05001214982858341,0.046388064705335214,0.03587571830775469,0.049602059615815236,0.03643540807766934,0.19062605781200362,0.10002429965716682,0.08653298322351798,0.0550967949823563,0.0550967949823563,0.03587571830775469,0.039334065978707866,0.03998786075095819,0.05588825655235062,0.05042983473469372,0.03759826046402231,0.0890572042621821,0.049199292835318494,0.05085540095138997,0.04207128005150557,0.5503865635875403,0.04263561691494883,0.03165328547196962,0.15837325649708037,0.03598655067004323,0.045020716351918844,0.04710413565246623,0.0270274921813709,0.08312958121275145,0.047656514453000905,0.05064161413424586,0.0362098627947153,0.028895124715205455,0.04221726334651923,0.03317011508854036,0.07997572150191638,0.11068013988404389,0.02763301419587339,0.04951190979735632,0.1500364494857502,0.14860691711496934,0.06503325459651477,0.04692297531833884,0.08356423576257332,0.05241148965592314,0.07519652092804462,0.045020716351918844,0.11810784833397922,0.04710413565246623,0.03249391719516349,0.05698868652026015,0.05241148965592314,0.039334065978707866,0.05874705765997939,0.049199292835318494,0.054839028287110854,0.035221923535504365,0.041355209104374555,0.05844431029102094,0.04052489422530649,0.09420827130493246,0.03795913760830208,0.095687376952192,0.043420446751104014,0.06424179302652046,0.057330732936939216,0.04710413565246623,0.19840823846326094,0.0414966160900817,0.028334241878013436,0.0448554823503396,0.07628767118369004,0.05173140777074405,0.13310076473900556,0.060000398995554115,0.05383644810538661,0.034378672412697805,0.04586554696562837,0.03396858219992964,0.03287783012976128,0.0789266351329414,0.16005416950024962,0.06758930833518509,0.15192484240273757,0.049602059615815236,0.047656514453000905,0.06627509155013145,0.3335235551117918])
================================================================================
Text: Foil plaid lycra and spandex shortall with metallic slinky insets. Attached metallic elastic belt wi...
Label: 1
Prediction: 1.0
Probability: [0.03516178676556859,0.9648382132344314]
Features: (1000,[55,110,115,149,224,251,323,344,443,470,486,574,595,690,717,750,791,876,895,902,908,953],[0.3107573761587162,0.20589899653782703,0.17773588116770647,0.23640438729634447,0.14413779175121338,0.28252480018193693,0.1858265243102093,0.12078790567825587,0.17654805611247326,0.23749377171736052,0.23970933207930453,0.1858265243102093,0.2353269089543209,0.1480384964987736,0.21681778382385217,0.14456365974377403,0.1702591351286085,0.2503459200277547,0.2261254728899302,0.2353269089543209,0.2808101780604224,0.14848159066924765])
================================================================================
Text: How many backlinks per day for new site?
Discussion in 'Black Hat SEO' started by Omoplata, Dec 3, 2...
Label: 1
Prediction: 1.0
Probability: [0.07753071873212329,0.9224692812678768]
Features: (1000,[14,36,44,48,52,53,61,90,99,103,133,151,188,206,216,217,222,229,257,267,270,288,292,298,303,310,315,343,344,376,384,391,394,403,413,458,509,515,525,526,538,546,559,571,585,591,602,616,634,642,662,675,681,702,741,761,775,790,791,815,818,827,858,862,891,892,893,896,904,917,925,931,943,948,953,954,973,996],[0.08255406644644213,0.11556435688882531,0.05223213787047266,0.06405832024462668,0.07453852787987189,0.07194935159235409,0.059819250665113816,0.06813948342596585,0.08424179430954187,0.14907705575974378,0.10656596989345403,0.09185192015739559,0.039816668398554855,0.12185924962782471,0.08093757233377795,0.07245337499477207,0.060929624813912356,0.07145187413363047,0.17571635720451248,0.12185924962782471,0.08093757233377795,0.14339961052807915,0.09270318243258825,0.16711550848127812,0.06385510902045011,0.06572402728164128,0.5013465254438344,0.08255406644644213,0.04693060562548089,0.08564764845832572,0.10245300642000454,0.04693060562548089,0.15999887655869063,0.045902215647510014,0.15180369414548497,0.07194935159235409,0.08862430865900879,0.09977322687836218,0.04693060562548089,0.07096077476690345,0.07374323510688764,0.07848520056995949,0.08980302399617646,0.12056779248604185,0.11437003211436964,0.08785817860225624,0.11819297822212733,0.07071756616625396,0.07220053430172362,0.07674375406008303,0.07071756616625396,0.09446465258427987,0.15714618200459246,0.07535068323393412,0.045398192245092034,0.09491797415809074,0.0812554598504616,0.048799523886672067,0.0661520230853262,0.03245593596378953,0.08222526420510275,0.08322026108016536,0.07322206753110012,0.07507804702306843,0.3065350962749709,0.058740158858535826,0.07618043176190575,0.09227518662890334,0.059819250665113816,0.09060947959188874,0.05803729095641045,0.10597537900796496,0.06882556551453596,0.06999707045621502,0.05769063496227981,0.21690083932379858,0.08823932827356705,0.057347088032386924])
================================================================================
Text: The Denver Board of Education opened the 2017-18 school year with an update on projects that include...
Label: 1
Prediction: 1.0
Probability: [0.10983287057214981,0.8901671294278501]
Features: (1000,[14,29,31,44,53,72,83,91,92,120,141,153,157,184,188,209,217,218,224,230,243,252,256,287,298,366,396,405,408,424,427,436,448,451,454,465,468,477,506,523,528,530,534,572,574,585,595,651,666,679,682,711,717,722,734,748,770,799,862,899,953,956,967,996],[0.05864659909866946,0.12323628684380922,0.0810085555230649,0.037105831143319265,0.051112985221430714,0.05705212762301817,0.04824590214275551,0.07846351313537506,0.04288728162323749,0.06710790694604375,0.13110501056882645,0.07015343080045552,0.0391005180232168,0.2953421299084552,0.028285853011609526,0.04808629980376363,0.10294208921666237,0.05864659909866946,0.03978459429538122,0.05513047385403061,0.05618126543906163,0.0426256245996481,0.11026094770806122,0.04776987622927895,0.059359621221264515,0.06555250528441323,0.28499747603407516,0.05220161521922018,0.06161814342190461,0.05795178380031368,0.06135773836495025,0.5612274464036442,0.1550172078039154,0.03486236405830021,0.05093570693456762,0.06135773836495025,0.04073950352879857,0.1705024983985924,0.0910143567248276,0.18982835915171636,0.13683917672617688,0.1270285636780157,0.060844286890917657,0.2806137232018221,0.05129142599716729,0.027082911482682267,0.06495441261992939,0.1897055421526984,0.04808629980376363,0.10440323043844035,0.08629195244031736,0.06616403935237655,0.05984556486299166,0.06161814342190461,0.1724947138645721,0.04579821986175264,0.05911986530210958,0.06909992681863274,0.053335617667356096,0.0884693830802543,0.12295068017911026,0.06875763147781688,0.07615945733835229,0.08147900705759714])
================================================================================
Text: BANGALORE CY JUNCTION SBC to GONDIA JUNCTION G train timings, routes, stops, and complete info.
As o...
Label: 1
Prediction: 1.0
Probability: [0.0015053827141492183,0.9984946172858508]
Features: (1000,[48,110,218,266,270,278,279,288,320,360,527,534,549,602,617,620,644,756,782,791,832,843,860,896,931,974,979,980,992],[0.080162658138114,0.10011139220539023,0.10330825693189163,0.10049953364002571,0.60771224566093,0.15434538466549658,0.27883067352820157,0.2691756647380716,0.07485788142482401,0.07577974070650774,0.052614342158102234,0.1071795691407322,0.13821651893454948,0.07395341675651179,0.18722798244556874,0.10499036655032908,0.07485788142482401,0.2798328073106316,0.08941496026790094,0.24834816108896238,0.1062918547845578,0.09934441255851792,0.109473557339409,0.115473278289465,0.06630885766306957,0.0997263684062976,0.29353894641107947,0.11821317858993549,0.09294355784273385])
================================================================================
Text: I thought I was going to finish the 3rd season of the Wire tonight.
But there was a commentary on ep...
Label: 1
Prediction: 1.0
Probability: [0.12632262847084258,0.8736773715291575]
Features: (1000,[38,55,273,309,358,389,401,412,431,458,464,487,491,578,749,878],[0.1581935892701236,0.1406231972602319,0.13438108065071572,0.17942565799240434,0.4040797182413563,0.21796514221707217,0.39900491865092785,0.22544954141398627,0.18853109248268768,0.16759447396307098,0.2467648820785486,0.16759447396307098,0.21297915915999033,0.42023210213346607,0.24535972107457574,0.22216478227765216])
================================================================================
Text: The rich get richer and the poor get poorer eh?
Or is it the rich think different and play by a diff...
Label: 0
Prediction: 0.0
Probability: [0.9994627149684955,5.372850315045197E-4]
Features: (1000,[7,48,103,154,173,178,196,212,222,263,301,327,335,342,385,403,426,477,502,531,533,583,585,633,683,689,712,782,855,887,900,914,931,958],[0.050343221079394394,0.05276530170671993,0.4911833962972023,0.06827356334999472,0.048974473340041236,0.07114393142736827,0.06489437174232897,0.6589611593088653,0.05018817265120235,0.3668116678090609,0.06514184196499949,0.06800038162924685,0.2572521631813649,0.04087999064670025,0.06514184196499949,0.03780998703054427,0.07458375072373574,0.049424157317024105,0.06827356334999472,0.06996426911157325,0.05378870898685597,0.09858719073006868,0.03140247422284523,0.06910759318612544,0.09854709886743869,0.07332081462992189,0.03388539563111859,0.05885542552121226,0.03963805856417613,0.06074283612784708,0.07236941717559008,0.08676475373597789,0.08729268618791665,0.04599429064512111])
================================================================================
Text: Biomedics 1 Day Extra are daily replacement disposable contact lenses by CooperVision Hydron. Buy on...
Label: 0
Prediction: 0.0
Probability: [0.9919593361376845,0.0080406638623155]
Features: (1000,[24,53,80,128,132,133,135,143,190,255,282,288,303,310,314,325,334,359,368,378,437,445,494,537,545,563,581,611,647,662,666,678,703,719,727,776,783,792,815,825,828,838,846,852,873,907,922,931],[0.1078411056647898,0.0936120003448948,0.09138244227430345,0.10022045692013075,0.2156822113295796,0.18486807528978813,0.12530855910089836,0.1278325534494019,0.0807622521423451,0.12174717033269011,0.10211567526627927,0.09328732012950382,0.08308072769735561,0.08551234345259476,0.12848404294598492,0.10134891803805512,0.08387815649821188,0.1158134617553177,0.3429320624964568,0.1158134617553177,0.08152315603369047,0.09839467631586514,0.24611087051992886,0.06567522360023267,0.0866323509640538,0.13402733248650156,0.13402733248650156,0.08777810801718458,0.09663342460270898,0.09200934660054645,0.26420613241313445,0.07976545417892086,0.10022045692013075,0.35367106639949225,0.1278325534494019,0.12718947050370275,0.06874316044826091,0.045591687697700306,0.04222783140354275,0.11431068749881894,0.1044893732499834,0.10655764666592463,0.12290625133638736,0.1918919794961215,0.09493229574867544,0.13258264475965154,0.1519328333846208,0.2757652986909811])
================================================================================
Text: Sysco Corp. has terminated its planned $3.5 billion takeover of US Foods, it announced Monday, after...
Label: 0
Prediction: 0.0
Probability: [0.8195674951873875,0.18043250481261253]
Features: (1000,[2,10,22,30,36,38,44,57,58,68,70,80,81,92,94,109,122,130,133,158,160,167,169,171,183,189,190,193,196,200,206,212,218,220,227,240,241,243,251,258,259,270,273,274,294,296,297,310,320,321,333,336,344,351,356,357,363,388,399,408,410,419,433,442,444,447,450,451,452,453,475,476,480,490,493,495,498,502,504,519,524,525,526,527,540,545,573,586,589,592,594,604,612,631,633,635,640,642,651,653,657,658,660,666,677,679,682,685,695,699,700,713,721,722,728,729,736,738,741,744,752,766,771,775,778,781,783,787,790,793,798,809,835,851,854,865,870,877,885,887,894,897,899,906,910,931,942,947,953,958,968,989],[0.04326538911845279,0.03338735007979894,0.07705050995009785,0.039752931541434756,0.06274094849998814,0.03687085790419908,0.028357306356389972,0.03380537939546038,0.040035878194820324,0.058529201607976575,0.04689128717881812,0.038131623193903834,0.055323444265702924,0.03277565132783408,0.15029113356327528,0.06405483325208247,0.041359054595688796,0.04592384492133757,0.019285213910054087,0.03865813886627624,0.05225124757804939,0.04811494941101163,0.0442883621384843,0.04076055981763968,0.05307300661675501,0.03865813886627624,0.03370008166053286,0.03699355004897458,0.042772174106868746,0.06072030609765064,0.09923775519083754,0.04343242823512592,0.1344580778404782,0.13834129922309188,0.03989392366262456,0.037241127475564254,0.04120780841471889,0.08587056570120644,0.059595910202947154,0.12592585533058417,0.04166488743420695,0.08788349962251489,0.03132077445454995,0.04151140881716398,0.09299778661405787,0.05361319953935319,0.07159606732401878,0.035682176770612986,0.06495283885667867,0.161665952085035,0.04669416477195061,0.053341349155622796,0.025479055912145786,0.042610334704741695,0.037241127475564254,0.07894756588906578,0.046305438347171865,0.05032940736548538,0.05128572565467785,0.04709029595316105,0.05654710649789644,0.04592384492133757,0.06719062879006663,0.02952688206077867,0.04197528511019472,0.03338735007979894,0.04481935928015939,0.026642786522980536,0.04769901038163386,0.0403227276835779,0.03338735007979894,0.047905940031417696,0.039061962393873134,0.030584546838160018,0.03687085790419908,0.037618109246380496,0.05818545397642457,0.04499941458863879,0.04518104245246838,0.03545238152400259,0.028602451728079886,0.025479055912145786,0.038525254975048925,0.022826259725085483,0.10367334262772852,0.036149528083823705,0.04709029595316105,0.08007175638964065,0.06803517590662266,0.2678450971792212,0.024989709611989267,0.04811494941101163,0.046305438347171865,0.053341349155622796,0.1366473822845672,0.0299610577098695,0.058529201607976575,0.04166488743420695,0.09665216149901874,0.031134259677710285,0.07600410214489048,0.057847295985604695,0.1598567191378832,0.036748885365583565,0.06405483325208247,0.03989392366262456,0.0659467058422618,0.038131623193903834,0.03736603030278807,0.04941513889871988,0.053341349155622796,0.051780898053266834,0.05056439583430248,0.04709029595316105,0.04769427986917405,0.0441143338574978,0.046305438347171865,0.037618109246380496,0.04929418928678872,0.057847295985604695,0.09222753281539459,0.04213223874741767,0.04853937757540624,0.0441143338574978,0.08211530854691862,0.034231984266808894,0.057369626508838874,0.04573564220502872,0.052987417529490745,0.07839666357774883,0.07731627773255248,0.03699355004897458,0.04197528511019472,0.056864612790674916,0.13777153476401272,0.047291227547367476,0.10205276385993399,0.04669416477195061,0.5929816667846386,0.040035878194820324,0.16002404746686838,0.03488876279411894,0.06761075879092077,0.05203297699685927,0.07448225495112851,0.05753500452567646,0.07113392349788719,0.07374171580839815,0.03132077445454995,0.030315045119881177,0.04326538911845279,0.02935571847546702])
================================================================================
Text: Pencarian FILM Untuk "Peace Breaker 2017"
yuk mampir ke channel say..
Edges East provides the l..
A ...
Label: 0
Prediction: 0.0
Probability: [0.9618210016222444,0.038178998377755624]
Features: (1000,[3,38,146,152,165,239,252,278,298,353,375,391,533,540,555,575,576,592,595,622,652,668,697,699,702,815,826,853,862,866,877,883,928,935],[0.1584531614392667,0.12826379625183953,0.12253863939485037,0.11578657865656677,0.14547881583110633,0.1559144943625969,0.11332204779961035,0.23294055404677497,0.1578100941999671,0.23085864141098478,0.16811343503344667,0.08863478155826993,0.12332929850051792,0.12021722349667846,0.2212736763397043,0.16960512887247897,0.15226609503081048,0.15529350696112254,0.1726840866461349,0.16811343503344667,0.12616670483750517,0.1578100941999671,0.42538506859358266,0.17190197537388813,0.1423099331383859,0.06129741468449683,0.24119798003774906,0.10608155121742557,0.14179502286452755,0.1726840866461349,0.16243643833894122,0.17756309832437542,0.11507381832882807,0.15654085834525416])
================================================================================
Text: Below you'll find some great videos that will encourage you, train you and build you up in hearing f...
Label: 0
Prediction: 0.0
Probability: [0.9936766090025899,0.006323390997410083]
Features: (1000,[7,14,23,35,36,56,73,89,117,123,131,133,142,192,209,229,234,260,267,271,275,287,313,328,347,355,357,380,386,391,393,397,402,426,428,438,443,449,457,459,460,472,477,487,496,499,510,529,530,543,548,563,569,579,585,595,596,609,611,617,627,660,674,690,693,697,702,704,750,758,762,798,806,826,829,841,842,855,862,921,929,938,963,967,992],[0.04717042290176076,0.06371477013507144,0.052589674991049835,0.06810262364811388,0.08919192902212508,0.04790771200257889,0.08931756537881491,0.057322401900456406,0.07154780150428933,0.06295990970494508,0.06475220151629581,0.02741567463300891,0.19998060873163334,0.06555488685955983,0.05224186203002589,0.11029231949701308,0.1225401840734314,0.13275995118524608,0.04702514614411075,0.07864727633511948,0.052589674991049835,0.2075923739897391,0.06694311187032816,0.14488312343364032,0.035038072719535705,0.2907761948277475,0.05611555022353884,0.0880092208832507,0.07740665679537503,0.03622078085841008,0.17835062765835363,0.08859466101768386,0.11302477036877172,0.03494161664476914,0.05691461942580505,0.15165909797597651,0.052941628679793816,0.1732076634334833,0.06610237955597174,0.1607736455934478,0.05089014039234981,0.0803868227967239,0.09261856322345695,0.05553011008910569,0.11067502323683656,0.058155238965549506,0.1316005466721286,0.49922730086313083,0.06900311236902293,0.09094503109320846,0.19268680636380278,0.07950425693825576,0.05476713198389859,0.06993189327628144,0.029423385264069582,0.07056769758080103,0.06751718351368073,0.0536583610117121,0.10413895619470107,0.057735887811161096,0.06174312229925284,0.03787512910343967,0.0579448198517064,0.04439244070158476,0.04506284948998985,0.0579448198517064,0.058155238965549506,0.06475220151629581,0.043350438193843245,0.1338862237406563,0.13800622473804586,0.05495603844575312,0.05752842197245064,0.04928301861214067,0.08743514923989815,0.06582736584545135,0.07290729438750947,0.03713993553428465,0.0579448198517064,0.14113539516160206,0.06900311236902293,0.06869989165255509,0.06993189327628144,0.08274106926065533,0.057322401900456406])
================================================================================
Text: "Unemployment, Relative Price Dispersion and the Implicit Contract Model."
"The Federal Reserve&apos...
Label: 1
Prediction: 1.0
Probability: [0.01645307446215433,0.9835469255378456]
Features: (1000,[2,8,26,40,70,102,125,132,152,179,201,236,252,260,262,275,296,342,349,352,369,370,392,394,440,454,463,500,513,520,547,552,566,572,577,611,633,638,647,657,674,689,692,701,721,724,725,728,735,738,751,753,763,813,829,832,850,853,871,906,910,916,948,953,969],[0.05404404644444826,0.08237593388192824,0.058821847981254435,0.10073656620685233,0.05857326037664521,0.060631937664719554,0.05554108980583192,0.056210067713551325,0.04157618333899578,0.07103122928794087,0.06436990647594351,0.19310971942783053,0.04069122941823649,0.058327029088101334,0.10565228370936966,0.04620971122016571,0.20090938542174094,0.033656761557920696,0.091204059116234,0.06257766441011259,0.06345833201678827,0.05073160659858986,0.11152434749664433,0.05425269982682758,0.19690325787264745,0.14587257471917453,0.18517762924006143,0.054675102734412576,0.04948160295038763,0.06563733864304486,0.1234517528267076,0.12573583109283812,0.05243254028765443,0.06696979514058031,0.055321871572858373,0.0915052449619742,0.05689672988941728,0.05342795733635844,0.05036828310342616,0.1424083768797712,0.050915191860523526,0.06036550244247612,0.06731386913027279,0.05736480032668576,0.3158072321299203,0.47119708391190956,0.052628595606525566,0.029788150862658107,0.05736480032668576,0.046989866142140437,0.06345833201678827,0.051473862993391115,0.03720692490271509,0.05322579906751333,0.07682787538723918,0.05760203673756195,0.04779417826864284,0.03809134075359968,0.03593431747781303,0.06499589354812517,0.23259483665138336,0.449416543772412,0.04746945895992373,0.039123683475109326,0.06436990647594351])
================================================================================
Text: I have existing web site brittlloyd.org. I opened a new domain sayrebuildersrockport.com however I d...
Label: 0
Prediction: 0.0
Probability: [0.8151397077559125,0.1848602922440875]
Features: (1000,[0,5,75,133,211,223,330,342,349,354,371,391,404,424,538,585,586,712,721,728,744,778,807,815,852,855,891,911,928,996],[0.13719666155028898,0.26751374873793526,0.19883956168669373,0.07583722533688178,0.132110301701724,0.19172383567307377,0.07729574761267938,0.10595539042654607,0.2871209600934456,0.2173733541598892,0.12062708873892901,0.10019390573485171,0.13252228876905311,0.17415967045854963,0.3148743830772501,0.24417286041451322,0.15743719153862504,0.08782634895595197,0.19883956168669373,0.0937765551004125,0.2274788571830416,0.16145522644770022,0.16630282373747882,0.06929139194246207,0.15743719153862504,0.10273647093548408,0.3926599471444612,0.13941303730954305,0.13008093553666902,0.12243244373061171])
================================================================================
Text: Embrace world class facilities at East Bourne Resort & Spa Shimla. Facilities at East Bourne Resort ...
Label: 1
Prediction: 1.0
Probability: [0.12199253331845365,0.8780074666815464]
Features: (1000,[7,53,59,82,87,129,193,297,328,360,444,518,522,576,681,687,892,959],[0.0970542644441193,0.11425451920207283,0.41855251223295387,0.17119533631135342,0.169200792405963,0.14859381659749968,0.32461351263957716,0.3141230143425179,0.22357534833592127,0.09616190410077927,0.368327579419368,0.1438865298547238,0.17760422041873455,0.38408110944441787,0.0831819470780987,0.13005482889228243,0.2798355423517919,0.1465316482947604])
================================================================================
Text: "Bake me a pie or go away," I've literally had my son say that to me a few times. So, what was I to ...
Label: 0
Prediction: 0.0
Probability: [0.8447727768310963,0.1552272231689037]
Features: (1000,[0,1,4,5,7,10,12,15,16,17,18,19,21,22,29,34,38,40,42,43,44,45,46,48,53,55,56,62,64,65,67,68,72,74,78,80,81,86,90,92,96,100,102,103,111,112,113,114,116,125,133,134,135,136,137,143,144,147,150,152,154,155,156,157,158,160,161,166,168,176,182,184,185,188,195,196,197,198,200,209,211,212,213,215,218,222,224,226,227,228,229,231,232,239,242,243,247,250,253,258,263,266,267,270,271,272,273,280,281,282,283,286,287,288,292,293,295,296,300,301,303,305,309,311,312,314,318,320,322,323,325,328,330,333,334,335,336,342,343,344,345,346,347,348,349,350,351,353,354,355,356,360,363,365,367,368,369,370,372,373,376,379,382,383,385,386,390,391,399,401,402,403,406,407,409,411,414,415,416,417,418,420,423,424,425,426,427,430,432,434,436,437,442,443,445,447,448,449,451,460,462,463,465,466,467,472,473,480,482,483,486,487,489,490,491,494,497,500,501,505,506,507,509,510,515,517,519,520,522,524,525,526,527,533,536,537,539,543,544,545,546,547,550,552,557,560,565,567,569,572,576,578,580,583,584,587,588,589,590,592,593,594,595,597,600,605,609,612,614,616,619,620,621,623,625,626,630,634,635,636,642,644,645,649,650,653,656,660,661,662,664,665,666,668,672,673,677,678,683,684,688,692,693,694,695,698,699,702,709,712,715,717,719,720,723,727,728,731,737,740,741,743,748,749,751,755,756,757,758,760,761,763,769,772,779,786,787,790,791,792,798,801,803,804,806,807,815,818,821,824,825,830,831,832,834,835,843,845,850,851,852,853,855,857,861,862,863,864,865,866,871,872,873,874,877,878,883,889,891,892,895,896,897,901,902,904,907,909,910,911,913,915,919,920,921,922,924,925,926,927,932,934,937,939,940,942,943,944,946,948,950,953,958,959,960,964,966,967,968,973,974,975,976,983,986,988,989,996],[0.011797744000792908,0.015723745860342815,0.039583664299962004,0.02300390321921758,0.011220409111054085,0.022580073213299377,0.014089111691099743,0.12671533952045116,0.016060284696352293,0.038031658688059106,0.018037543655776422,0.013490254765874244,0.05768683874238869,0.052109740714281295,0.015923730510461573,0.011988333432939242,0.03740398694074736,0.013635256183539043,0.03297323282595935,0.011949800078410332,0.028767334879625527,0.01785721788821973,0.015402579564897975,0.03528071462196873,0.026417848933823325,0.01108318876501449,0.03418736329943479,0.10830170865917489,0.01759511352783108,0.01750987224650381,0.036825379283620646,0.019791832149981002,0.014743753298390451,0.01234497817282061,0.030680139291391687,0.012894327363543168,0.0187077953018993,0.013442577840162038,0.01250948437850284,0.04433275506005796,0.015095442559519544,0.013348182871103864,0.01641374198253315,0.01368426209340079,0.012551219335457345,0.03304670935883502,0.01759511352783108,0.014518699865116341,0.041247003673586254,0.015035592669704332,0.032606776292695164,0.01759511352783108,0.3713094155512612,0.015789777515503544,0.016486616412979674,0.018037543655776422,0.023822953431913037,0.016560253940340445,0.018509688691478277,0.011255136685856844,0.015216692452957845,0.015095442559519544,0.030680139291391687,0.04041836233578,0.05228948112408377,0.008834461202960586,0.08985748708962354,0.03294600769355832,0.08105140120671897,0.05105713842421269,0.13803784212099646,0.038162043059675535,0.04658787436326485,0.021929399796973413,0.016709883406613446,0.04339063240344322,0.033454392746861836,0.02501896875700568,0.041065521939953754,0.012426750252397091,0.011360360388748634,0.04406043338434454,0.015593513997638307,0.03144749172068563,0.015155806188576416,0.07830096531889144,0.020562747361274367,0.025527384566126923,0.013490254765874244,0.011760238207322908,0.026235188714353885,0.13919085106794576,0.013538257133871091,0.015155806188576416,0.0816148958494434,0.014518699865116341,0.018412689641810323,0.019675592815790195,0.04258222090126806,0.04258222090126806,0.04087717165569218,0.014743753298390451,0.033557556565239184,0.029718079616597483,0.0374155906037986,0.02197294073329875,0.02118243522144282,0.014408817635671025,0.06132073011511082,0.02881763527134205,0.018317010348101268,0.02493599129383157,0.03703493451846183,0.013163111147837192,0.06807618456561693,0.029373622256229696,0.015723745860342815,0.018129470711278347,0.027971386724954573,0.014518699865116341,0.011722931384515318,0.013883773903068443,0.01414139683609032,0.018509688691478277,0.02099364528332647,0.018129470711278347,0.020798163018400803,0.010982002564519441,0.016709883406613446,0.026510076406678237,0.01430062596927402,0.03446328903174006,0.01994032724367782,0.015789777515503544,0.011835450898674217,0.03440154746212693,0.018037543655776422,0.21867026050891333,0.06062322475430566,0.10338986709522019,0.0710750394859296,0.026885155680324076,0.00833449195897243,0.009869320790451218,0.02468995634564122,0.027869097988910237,0.014408817635671025,0.011220409111054085,0.009346128236626408,0.01383336279396007,0.01259320345780973,0.022234487296123547,0.046974985386112944,0.028767334879625527,0.012551219335457345,0.032259138387592146,0.017178878467075016,0.04120083572159157,0.036258941422556694,0.013985693362477286,0.03144749172068563,0.032259138387592146,0.015035592669704332,0.01403721241785369,0.029037399730232682,0.036825379283620646,0.011648906284082368,0.03446328903174006,0.017342428154855018,0.015723745860342815,0.026885155680324076,0.008427023815128899,0.051838694905212285,0.014518699865116341,0.015923730510461573,0.012806968232597016,0.07003948898601524,0.03341976681322689,0.02914858322791189,0.013985693362477286,0.017681400740536247,0.015723745860342815,0.030071185339408665,0.01497624784827059,0.02093471720429152,0.041557739960530665,0.19027722086950405,0.05592926094206531,0.015095442559519544,0.013442577840162038,0.036258941422556694,0.011503153510083039,0.10983068030395463,0.05037281383123892,0.013883773903068443,0.07903025624654782,0.020030238696515646,0.027467223814394377,0.018018682790258426,0.012105216781930295,0.01491739964204177,0.016709883406613446,0.04756930521737601,0.016341614995314873,0.02150910322320137,0.24858054655015557,0.030190885119039088,0.013208924466911662,0.03485130368679315,0.034684856309710035,0.01709850822535952,0.013208924466911662,0.05178053359533497,0.010342259945018615,0.01678590922389575,0.08102956604724924,0.013348182871103864,0.08880696184710576,0.046012614040332155,0.05966959856816708,0.011760238207322908,0.014574291613955945,0.016270220274417494,0.04173835727456896,0.018317010348101268,0.018037543655776422,0.011988333432939242,0.0355375197429648,0.020532760969976877,0.019344016597791475,0.051694933547610095,0.03908230553571097,0.0694689385488345,0.023976666865878484,0.01419407363375602,0.05560178596890653,0.016709883406613446,0.01081652858623452,0.019910025177643564,0.012224075717420292,0.014408817635671025,0.11696918384629414,0.08431382970439237,0.03403809228280846,0.028178223382199486,0.013117594357176942,0.06083103621851162,0.051536635401225044,0.052109740714281295,0.036258941422556694,0.04440348092355288,0.016560253940340445,0.05552906607443483,0.0439458814665975,0.02040372396236085,0.03341976681322689,0.11439130496720411,0.023006307020166077,0.02405415818704595,0.015095442559519544,0.01491739964204177,0.008450348279650095,0.0335718184477915,0.013490254765874244,0.017425651843396575,0.011835450898674217,0.038291076849190385,0.015658328462037647,0.012806968232597016,0.0389483561408415,0.023445862769030636,0.015402579564897975,0.015216692452957845,0.02807442483570738,0.018412689641810323,0.051536635401225044,0.019337976642420304,0.013255038203339118,0.030394275452519617,0.01880898150239435,0.05635644676439897,0.010982002564519441,0.016060284696352293,0.024853500504794183,0.01259320345780973,0.04211258822783497,0.0187077953018993,0.018018682790258426,0.032120569392704586,0.0389483561408415,0.014743753298390451,0.071698800470462,0.012426750252397091,0.015340069645695844,0.03419701645071904,0.013783310485821511,0.021660341731834978,0.011255136685856844,0.03294600769355832,0.03326934143052428,0.035893605577920346,0.03644523075808619,0.03215724446909723,0.0177687598714824,0.01263543973856458,0.013934548994455119,0.03341976681322689,0.09683353955772049,0.019448724121895175,0.01510463548891572,0.3471250592275458,0.04639695035598192,0.01663467071526214,0.045106778009112995,0.01419407363375602,0.036075087311552845,0.07257586300311315,0.01463032632960659,0.04921778383654314,0.04249186514357983,0.058341443712807015,0.012467995646915786,0.023670901797348435,0.03867595328484061,0.017178878467075016,0.02983479928408354,0.02736852418680158,0.018412689641810323,0.015923730510461573,0.049707001009588365,0.03485130368679315,0.020144659360672525,0.022821235296899403,0.02995249569654118,0.030128901402307614,0.019448724121895175,0.01546565011866064,0.01791786057204168,0.109301522701185,0.07076431147599876,0.10457896224816754,0.017342428154855018,0.01358658941763851,0.045106778009112995,0.05473704837360316,0.01430062596927402,0.04170928549214652,0.015095442559519544,0.0625474218925142,0.030680139291391687,0.08064784596898036,0.01694047192054037,0.016199543100544493,0.015593513997638307,0.014686811128114848,0.07097036816878009,0.014574291613955945,0.01546565011866064,0.012938417286062915,0.019228946247462898,0.027076514267742182,0.020623501836793127,0.026503383608881756,0.0707069841804516,0.021216047503254107,0.027566620971643023,0.03312050788068089,0.01527811048183772,0.015991676156001007,0.05035772767168725,0.03891128260889847,0.016862765940878474,0.026790443947246737,0.02300390321921758,0.015789777515503544,0.01750987224650381,0.017260177865111657,0.05396101906349698,0.011255136685856844,0.010783895954098415,0.016129569193796073,0.01694047192054037,0.023595488001585816,0.012385745357172424,0.01678590922389575,0.010982002564519441,0.0374155906037986,0.08300017676376041,0.02518640691561946,0.035965000298817724,0.011835450898674217,0.019448724121895175,0.08135110137208747,0.015340069645695844,0.0335718184477915,0.010719081489699075,0.06793294708819256,0.010654858946482387,0.05178053359533497,0.0177687598714824,0.01546565011866064,0.034520355730223315,0.01694047192054037,0.057699812504850935,0.024771490714344847,0.012027079093522975,0.07581263843138747,0.01430062596927402,0.011360360388748634,0.03855153643912026,0.04968076182102133,0.031773652832164226,0.02050225419613515,0.13552377536432297,0.012304445959135785,0.011612183905040444,0.019675592815790195,0.019681584142760774,0.01463032632960659,0.048598629301633486,0.01463032632960659,0.013635256183539043,0.028709027479047335,0.02300390321921758,0.018412689641810323,0.03093130023732128,0.04963363899955866,0.010528147056958743])
================================================================================
Text: Are film trailers spoiling movies?
In April we asked if high ticket prices were ruining your visits ...
Label: 0
Prediction: 0.0
Probability: [0.7791554901100721,0.22084450988992788]
Features: (1000,[3,7,8,9,10,15,17,20,24,34,35,38,43,44,48,53,57,58,59,66,70,79,81,87,94,95,100,103,106,110,112,115,116,120,123,131,132,133,141,146,152,154,157,158,164,166,167,168,173,178,181,184,187,193,198,208,209,210,211,212,217,222,228,232,233,238,243,246,260,264,268,269,270,275,280,282,284,286,288,289,293,294,297,301,303,304,305,314,315,320,323,325,326,330,334,335,336,346,349,352,354,360,371,377,384,388,390,401,404,406,415,421,423,424,426,428,430,432,434,436,439,447,450,453,457,468,475,479,480,481,487,494,495,497,503,511,519,524,527,528,536,537,543,546,552,558,569,584,585,590,594,597,598,610,616,619,621,624,627,629,633,634,635,641,644,645,646,650,654,662,664,666,667,669,673,679,690,693,694,695,696,698,700,702,703,704,708,712,713,716,717,725,728,729,734,735,741,748,758,763,770,775,779,780,784,790,791,792,795,798,800,802,806,816,817,822,823,824,826,830,837,842,848,850,853,855,858,867,869,871,886,891,892,911,913,920,923,925,929,934,936,938,941,942,950,958,960,964,971,975,979,985,989,995,996],[0.4544931116788217,0.047298187291156354,0.04700156455164132,0.030369256077511297,0.047591693017614276,0.022256340365953475,0.04007938787742127,0.026019331556639342,0.1282880084796324,0.07580290982367618,0.03414354218358499,0.02627861370367382,0.02518642041508545,0.08084332633132894,0.02478688360705935,0.02784025863795056,0.02409378454246019,0.028534388326483806,0.03399605919459041,0.03002850732117777,0.03342037836607701,0.041228949675040344,0.07886029798344157,0.08245789935008069,0.07141037423572347,0.03144118700053518,0.028133771557941212,0.028842120863369205,0.15363016920364625,0.030955178932069997,0.04643471353971423,0.053442183757167604,0.021733927943749252,0.036552384446644166,0.031565220511809614,0.03246379369134441,0.0320720021199081,0.01374496595256364,0.035705187117861734,0.025105646819531716,0.023722288451620065,0.0320720021199081,0.021297299109577086,0.027552445359676794,0.03537941756250206,0.023146607623106663,0.06858501487700866,0.04270771587451847,0.02300611445650151,0.06684075673215402,0.03690530393154065,0.026811195001666913,0.03194367302300669,0.15819635341120938,0.02636605890186823,0.031565220511809614,0.026191681383491264,0.03943014899172079,0.09577626770002658,0.09286553679620999,0.028035286689939112,0.023576258520624,0.02478688360705935,0.028534388326483806,0.03587079686425745,0.039219905493561635,0.06120170651958049,0.03246379369134441,0.03327988519947186,0.03385002926359435,0.030369256077511297,0.03763739930587336,0.03131818282487018,0.05273211780373646,0.030369256077511297,0.030369256077511297,0.08824760001312938,0.02627861370367382,0.027743698569393033,0.03672779380867097,0.030955178932069997,0.033140711237006425,0.05102797989671521,0.030600853259790246,0.04941650511476681,0.05273211780373646,0.0292626290127183,0.03821122263477883,0.06466408488142399,0.06943982286931999,0.027937451891808487,0.03014122207046487,0.03414354218358499,0.07004656450013487,0.024945408306426213,0.04833842862783179,0.03801746931236338,0.028332726465987206,0.026019331556639342,0.07141037423572347,0.07879479605563018,0.023431653294593915,0.04372563000052462,0.03342037836607701,0.039643417679828624,0.03587079686425745,0.02455223092618125,0.0994221337110193,0.024018736695533983,0.07283977723950404,0.03521917904939656,0.04030227806414811,0.03169030073175311,0.031565220511809614,0.01751812922858475,0.05706877665296761,0.023576258520624,0.03181644547700336,0.028332726465987206,0.03821122263477883,0.03327988519947186,0.047591693017614276,0.06388734604601339,0.028738831817485357,0.0994221337110193,0.022190022948374064,0.023795846508807138,0.04247522275210539,0.02784025863795056,0.03119619104072923,0.02784025863795056,0.024397834549850884,0.026811195001666913,0.028133771557941212,0.040758373068772925,0.033140711237006425,0.050535273215784125,0.040771103395160685,0.016268741648860184,0.03726683205213848,0.05983328651470062,0.01953184639148058,0.022797840517590772,0.09110776823253389,0.03587079686425745,0.03083612674099103,0.02745773629556777,0.04300463324719793,0.059006161121691596,0.05069860055018618,0.01781067658275622,0.028433214431242453,0.03537941756250206,0.07141037423572347,0.054727257125806034,0.04941650511476681,0.0320720021199081,0.44123800006564684,0.030955178932069997,0.03587079686425745,0.03246379369134441,0.027937451891808487,0.06406157381177771,0.13150796018487276,0.023146607623106663,0.03385002926359435,0.039219905493561635,0.026542512391830527,0.043276602677782265,0.027363628562903017,0.031075195118993478,0.026191681383491264,0.03860649720895755,0.04247522275210539,0.058101767448771824,0.028433214431242453,0.022256340365953475,0.022592452684700965,0.037450957626178956,0.02663153318857031,0.03342037836607701,0.029369646936858278,0.03801746931236338,0.05831275649750089,0.029805617134450926,0.03246379369134441,0.10442102384073894,0.04775373192156275,0.03690530393154065,0.05491547259113554,0.032596726583313765,0.06005701464235554,0.033992687661715454,0.03144118700053518,0.03131818282487018,0.03273086250422759,0.035132975789960434,0.024945408306426213,0.03356221598532058,0.02122930327065688,0.032201452009135045,0.03144118700053518,0.021167416257564832,0.028534388326483806,0.03708496574463726,0.0188826075057801,0.0767910783638613,0.02711798428766012,0.08655320535556453,0.027552445359676794,0.07886029798344157,0.041228949675040344,0.028842120863369205,0.03194367302300669,0.06331735971502075,0.04383598672829092,0.029156378248750444,0.03233204244071199,0.09883301022953361,0.035705187117861734,0.03144118700053518,0.036552384446644166,0.040758373068772925,0.027270114573828073,0.043467855887498505,0.01862026582357074,0.028332726465987206,0.06388734604601339,0.02627861370367382,0.04100637317140342,0.028842120863369205,0.07116686535486019,0.022729061191841576,0.025267636607892063,0.049890816612852426,0.03233204244071199,0.06684075673215402,0.022457091761257243,0.1037850181871359,0.07275805340631017,0.10711556135358521,0.034442985056886234,0.03537941756250206,0.05069860055018618,0.06980761438436973,0.0216061519963731,0.025933902397362908,0.048949663400317596,0.04441731292655534,0.028738831817485357,0.1815288032563597,0.03385002926359435,0.020922420297758888,0.030484602325802582,0.022190022948374064])
================================================================================
Text: UNStudio has joined forces with HPP Architects to create a consortium (UNS + HPP) to carry out the n...
Label: 0
Prediction: 0.0
Probability: [0.8874915813575179,0.11250841864248207]
Features: (1000,[6,12,24,30,39,48,49,53,61,67,71,83,85,88,106,107,116,125,126,168,173,197,200,202,210,224,228,230,234,242,243,245,267,273,307,311,312,317,323,327,328,334,344,355,357,359,361,365,371,380,381,387,388,402,403,404,405,413,422,424,430,440,442,444,447,451,454,457,475,487,488,491,495,499,500,501,506,515,518,527,531,556,560,564,575,576,585,593,602,606,612,637,653,660,662,676,680,691,710,734,741,748,752,761,762,770,776,782,783,792,796,804,805,819,824,830,837,848,851,852,855,862,869,871,872,873,888,889,891,922,923,926,930,938,939,942,961,968,980,989,992,996,998],[0.06458730429580019,0.10594146128859758,0.057210087824908704,0.050539962032245214,0.07110197373462676,0.04421488196352485,0.05144862055947981,0.04966149714603127,0.08257791016698947,0.06922605518625669,0.06713765207858945,0.046875832456085426,0.11872942312402915,0.06310986069336978,0.06851143436443322,0.07270484998557286,0.07753802969913841,0.05652920828837109,0.05586542378079964,0.03809104537421143,0.04103834315193431,0.04192607894463779,0.07719687192284012,0.0757673691509931,0.07033556178787274,0.07730961153987484,0.04421488196352485,0.214259594355554,0.054794858067738324,0.07671173242480543,0.2183434006975253,0.2044837171056317,0.04205536703024876,0.07963944747589492,0.12024757682139775,0.20877222542117285,0.0789296553201104,0.11923064698715,0.04983487062513031,0.056981174180017684,0.03239284421263653,0.044497658571585934,0.06478568842527306,0.05200919337779249,0.05018506595435294,0.1843183527510436,0.14203972605325174,0.036052113165412326,0.03899892378369307,0.15741620770081854,0.06369096893859653,0.046875832456085426,0.06398638386469116,0.050539962032245214,0.031683020081831784,0.17137864117836296,0.05071921262271679,0.05238962239907203,0.0707159908091523,0.11261217999061496,0.04205536703024876,0.0334010529137204,0.03753905537071938,0.05336535529589129,0.04244706842894174,0.033872355247591183,0.09897850628773391,0.059116452828873456,0.12734120528682522,0.04966149714603127,0.09191753694621196,0.12621972138673956,0.09565170362619774,0.05200919337779249,0.22259125857751266,0.043248322499107594,0.04421488196352485,0.06886633044232547,0.06254125037360511,0.02902020694100366,0.058626821042862154,0.06428513688318624,0.0493181239974226,0.05258190950715043,0.0619846116912751,0.055647814644378166,0.13156910376851935,0.05608483882281402,0.0815801688375864,0.055647814644378166,0.05887050351275987,0.05630608999530748,0.0395825978361733,0.033872355247591183,0.04881128366850918,0.058146092148027725,0.05437848157549259,0.051081401311556605,0.08201733734867679,0.05586542378079964,0.06267025747190201,0.044497658571585934,0.058626821042862154,0.06551509636203608,0.12342125245142643,0.11488200148182566,0.06747446377764893,0.0493181239974226,0.03646848965765807,0.0241865515119886,0.0619846116912751,0.05652920828837109,0.04626093588571994,0.07033556178787274,0.05767394815815475,0.12738193787719307,0.05608483882281402,0.07270484998557286,0.0722949292034856,0.05089968677617642,0.06642971892474298,0.051821012079307366,0.046875832456085426,0.2194416988761123,0.0633988183326274,0.1007238370512216,0.08201733734867679,0.10143842524543357,0.12694756635251403,0.08060090526556378,0.059615323493575,0.06489296505066972,0.05297073064429879,0.06143945091701453,0.03615559416178767,0.045218121700542395,0.0628240269816662,0.11001106276037922,0.06520220086616568,0.0373214462342979,0.05126437339697735,0.0395825978361733,0.06369096893859653])
================================================================================
Text: ?Students are shouting several slogans to guarantee the school's autonomy in front of Jogyesa Temple...
Label: 1
Prediction: 1.0
Probability: [1.5842161068158438E-4,0.9998415783893184]
Features: (1000,[32,41,61,73,82,85,91,94,110,112,115,121,123,130,150,152,174,179,183,203,226,227,229,261,263,282,284,303,304,306,311,312,319,325,330,332,337,348,353,357,391,420,433,434,440,447,451,454,465,488,490,493,496,502,504,505,523,534,536,545,556,557,564,598,602,605,606,644,674,675,678,679,681,700,708,721,752,775,781,787,789,792,796,805,808,817,822,825,843,859,867,871,873,876,878,884,899,925,942,959,989,995,997],[0.05861884641352026,0.057018103343421195,0.04230566686108696,0.12276768379737563,0.07624353141318778,0.06082652626031371,0.23433773011395034,0.06525931471327605,0.22631039655559226,0.042434976947552626,0.04883884626148671,0.06466389708202142,0.05769258826664012,0.05982306296139843,0.07130436538177722,0.13007356180544488,0.04693698399244554,0.07407514151045103,0.06913597547904045,0.13361551935017899,0.24584610615064897,0.10393627585557574,0.05053254847039691,0.2711246903898347,0.06298800227478743,0.11101338488596998,0.08064623611882922,0.04515992660491497,0.048189943101153404,0.12874204982827328,0.07130436538177722,0.08087324313924922,0.05053254847039691,0.11017981731596681,0.025605191661417316,0.049503675005070885,0.07763308787449226,0.03801931342239667,0.08644814770504121,0.10284167653907264,0.06638099090527518,0.06057215432868247,0.04376320431585319,0.0517844734163027,0.0342235305911692,0.08698459588300032,0.06941287683387377,0.05070789155294905,0.061083309336237256,0.047090471154749285,0.039841203938369964,0.0480301171999392,0.05070789155294905,0.05861884641352026,0.05885544539934196,0.05746588893803748,0.09448966578499504,0.06057215432868247,0.10935888004460631,0.047090471154749285,0.06586811362989957,0.10855019602672868,0.26938351213186507,0.12932779416404283,0.04179451185353219,0.04559338243898635,0.11403620668684239,0.04230566686108696,0.0530970684290318,0.06680775967508949,0.0433578539351483,0.15590441378336362,0.037045900500027484,0.06948553402809934,0.04771326666774641,0.06586811362989957,0.060070465700774484,0.17239766681411242,0.04459256740359324,0.17873369757462382,0.22222542453135302,0.024782128506655874,0.06351093960653863,0.04740007922955941,0.04544812519188958,0.03857560425619656,0.08012019217895217,0.062135496410298585,0.2245765732193067,0.07245732285725998,0.05838429592947113,0.03747421632617556,0.10320409142450784,0.2063726100790411,0.06745279995053412,0.08118269744459833,0.044036847164531476,0.04104542048624814,0.04633158647097728,0.1305186294265521,0.0382404608682709,0.05571751383130005,0.06948553402809934])
================================================================================
Text: Quartz is one of the most common and varied minerals on earth, and its abundant colors produce many ...
Label: 0
Prediction: 0.0
Probability: [0.989470128119951,0.010529871880048947]
Features: (1000,[2,3,7,13,15,22,24,25,31,34,36,40,41,43,46,51,55,59,61,71,73,80,83,85,89,99,100,103,111,114,130,133,136,142,148,149,152,154,157,158,160,161,165,167,168,169,172,173,174,181,185,188,191,199,205,206,220,221,222,224,225,227,235,237,253,258,261,266,275,284,286,288,291,293,295,301,302,304,308,310,312,316,324,326,328,330,331,332,341,344,350,354,355,360,361,365,367,368,373,377,382,385,392,405,409,413,416,419,422,427,437,441,442,443,451,452,453,462,465,470,472,480,481,495,496,500,502,506,507,513,516,521,523,525,527,528,534,544,545,551,552,554,562,566,570,574,583,586,588,589,591,597,602,604,605,611,614,620,621,625,626,627,634,637,647,648,657,658,660,663,670,673,676,688,689,693,697,698,702,719,720,722,723,725,728,730,737,746,747,749,756,762,764,768,771,778,779,783,792,802,806,814,815,816,817,825,827,830,832,843,853,854,869,871,880,881,886,887,888,901,904,907,908,913,915,922,923,932,943,946,947,948,954,956,960,961,963,965,967,968,978,981,987,988,990,992,995,997],[0.009874079695479304,0.020790554457010963,0.04543625806386616,0.012112386082505661,0.028506936730287265,0.026376841558329003,0.010269821096064675,0.011648979520940265,0.014128944318841768,0.00809098560524071,0.07159407765439738,0.036810007703542966,0.019978752786878582,0.008064979253435512,0.010395277228505482,0.013357605535632432,0.0074800989861951135,0.06531555677647263,0.014823615836727401,0.012051924789333226,0.014338985111637923,0.02610733618762318,0.008414712008945733,0.021313198085877776,0.018405003851771483,0.020875687715184475,0.009008754725613523,0.02770672877144892,0.008470880088501699,0.009798742441772883,0.07336556997193487,0.00440129496052594,0.04262639617175555,0.01070158655824461,0.034809781583497575,0.04552305698048648,0.07596147489531198,0.010269821096064675,0.006819638227354947,0.026467822327874257,0.047699372943240954,0.020215087683153637,0.019088197517834783,0.04392340896115103,0.006837749009448538,0.14150561378207546,0.04695605891243077,0.014733640806115956,0.008223198815459585,0.011817499495535106,0.01048079571027641,0.014800260526736025,0.010228728654698848,0.009989376393439291,0.09882767016258981,0.03774693519539976,0.010524139822750831,0.010980852240287758,0.022648161117239857,0.0069389500148179396,0.014128944318841768,0.009104639750994785,0.011226821647728128,0.026874749190688548,0.01915930118107997,0.03831860236215994,0.01187502925845413,0.039802528473801405,0.02532813887809129,0.18367627614494297,0.008414712008945733,0.026651546709079762,0.022972477052845577,0.009912201565729386,0.01061203395185394,0.009798742441772883,0.014036783222509442,0.016885425918727527,0.011486238526422788,0.03257371902299097,0.007084357585609743,0.03279945559685191,0.08436347352533259,0.021866303731234604,0.005814861111113877,0.00897188373985305,0.08314597239386268,0.09540161717696335,0.09275288123660781,0.005814861111113877,0.05642697675719335,0.050461985863359836,0.037344820233469925,0.007503082795418058,0.016998430761201277,0.012943477852262969,0.008470880088501699,0.010885926129412107,0.018878027426931638,0.01070158655824461,0.18265672719834056,0.02939622732531865,0.030563966827505645,0.0637324782569635,0.021494009165257066,0.009404496126198893,0.009836261588378827,0.01048079571027641,0.025388549532159604,0.05350793279122305,0.015527070544973506,0.08062424757206564,0.006738660915054609,0.016998430761201277,0.04256314387976817,0.021771852258824213,0.036810007703542966,0.07047478827026066,0.01070158655824461,0.01143320839562865,0.012905249380291537,0.01782953707791416,0.009989376393439291,0.008585250618573221,0.008883848903026587,0.019978752786878582,0.010269821096064675,0.01587408601569444,0.009836261588378827,0.009040501648861672,0.039957505573757164,0.01385766206564378,0.01655426577645896,0.005814861111113877,0.026047183703598653,0.011933264925639998,0.01061203395185394,0.013437374595344274,0.008250089240533501,0.1056788342576287,0.011486238526422788,0.012492280565766652,0.010228728654698848,0.009579650590539985,0.016195028020172447,0.11629658206460969,0.014829646520295319,0.04568518393442048,0.033087110672995704,0.062108282179894024,0.010885926129412107,0.01820927950198957,0.0073222553119730305,0.010980852240287758,0.05591463098007925,0.05015520528635613,0.008643486285759089,0.010395277228505482,0.07188874767245272,0.03728044628029502,0.023188220309151953,0.009912201565729386,0.017891781856093796,0.010107543841576819,0.027607505777657224,0.038035245022499484,0.034691497155259404,0.013201980205610296,0.012160898251362335,0.009912201565729386,0.014318815530879476,0.018604849015448698,0.010437843857592237,0.2422477216501132,0.033087110672995704,0.021703083548609763,0.02790727352317305,0.009404496126198893,0.009336205058367481,0.011226821647728128,0.08118076764370692,0.010747004582628533,0.009579650590539985,0.01923094148082126,0.005442423263054198,0.012362240997596016,0.04152165757347535,0.014416677705770431,0.013126040228259736,0.013051296205893303,0.10159133882864604,0.02215543150375169,0.04207356004472866,0.09687932412490532,0.011077715751875845,0.009370227765562076,0.006778048255870613,0.006546482948497919,0.04775918427026101,0.013201980205610296,0.02770672877144892,0.024984561131533304,0.004021400477264951,0.7569259204477148,0.006758313727108004,0.010885926129412107,0.0721789069954682,0.0228664167912573,0.1052413982275083,0.05901756953027296,0.006959451763022807,0.01048079571027641,0.0252441360268372,0.006565354334511158,0.011992224035755302,0.030203480687254567,0.00923557625714964,0.009137036786884095,0.01472298703550956,0.008359200881059355,0.0074118079183637005,0.01262598369824839,0.027037014589159518,0.01597560885145121,0.013126040228259736,0.007234361182869921,0.02140317311648922,0.020875687715184475,0.008527720855654198,0.023001490463176823,0.008414712008945733,0.026018622866444557,0.08062424757206564,0.04796889614302121,0.016608663029390135,0.0789430814592456,0.011226821647728128,0.010747004582628533,0.013283198609564258,0.019748159390958607,0.02525196739649678,0.011029036890998566,0.018947568358167462,0.04175137543036895,0.08022751643948414,0.027607505777657224,0.009761517566012394,0.012173627542907496])
